    magnitudes :   27159.1250 ,   32341.4375 ,   33906.1250 ,   35545.0000 ,   33906.1250 ,   33906.1250 ,   32209.6875 ,   21944.0000 ,   26192.8750 ,   27159.1250 ,   27317.5000 ,   28419.1250 ,   28419.1250 ,   21944.0000 ,   25134.1250 ,   27159.1250 ,   28419.1250 ,   28419.1250 ,   21944.0000 ,   26192.8750 ,   28419.1250 ,   28419.1250 ,   23352.3750 ,   27159.1250 ,   28419.1250 ,   22638.0625 ,   25259.4375 ,   22775.6875 , 
    magnitudes :   27133.6250 ,   32311.0000 ,   33874.1875 ,   35511.5625 ,   33874.1875 ,   35511.5625 ,   32311.0000 ,   21923.3750 ,   26168.1875 ,   27133.6250 ,   27291.8125 ,   28392.3750 ,   28392.3750 ,   21923.3750 ,   25235.6875 ,   26168.1875 ,   28392.3750 ,   28392.3750 ,   21923.3750 ,   26168.1875 ,   28392.3750 ,   28392.3750 ,   24283.0625 ,   27133.6250 ,   28392.3750 ,   22616.7500 ,   25235.6875 ,   22754.2500 , 
    magnitudes :   27133.6250 ,   32179.3750 ,   33874.1875 ,   35511.5625 ,   33874.1875 ,   35511.5625 ,   32311.0000 ,   21923.3750 ,   26168.1875 ,   27291.8125 ,   27291.8125 ,   28392.3750 ,   28392.3750 ,   21923.3750 ,   25235.6875 ,   27133.6250 ,   28392.3750 ,   28392.3750 ,   21923.3750 ,   26168.1875 ,   28392.3750 ,   28392.3750 ,   23481.4375 ,   27133.6250 ,   28392.3750 ,   21923.3750 ,   25235.6875 ,   22754.2500 , 
    magnitudes :   27170.0000 ,   32354.3750 ,   33919.6250 ,   35736.5625 ,   33919.6250 ,   35559.1875 ,   32354.3750 ,   21952.8125 ,   26203.3125 ,   27328.4375 ,   27328.4375 ,   28430.5000 ,   28430.5000 ,   21952.8125 ,   25269.5625 ,   27170.0000 ,   28430.5000 ,   28430.5000 ,   21952.8125 ,   26203.3125 ,   28430.5000 ,   28430.5000 ,   23512.9375 ,   27170.0000 ,   28430.5000 ,   22647.1250 ,   26203.3125 ,   22784.8125 , 
    magnitudes :   27133.6250 ,   32311.0000 ,   33874.1875 ,   35511.5625 ,   33874.1875 ,   33874.1875 ,   32311.0000 ,   22048.5625 ,   26168.1875 ,   27291.8125 ,   27291.8125 ,   28392.3750 ,   28392.3750 ,   22616.7500 ,   25235.6875 ,   27133.6250 ,   28392.3750 ,   28392.3750 ,   21923.3750 ,   26168.1875 ,   28392.3750 ,   28392.3750 ,   23481.4375 ,   27133.6250 ,   28392.3750 ,   21923.3750 ,   26168.1875 ,   22754.2500 , 
    magnitudes :   25100.4375 ,   30817.9375 ,   32298.0625 ,   33860.6250 ,   33860.6250 ,   33860.6250 ,   30933.5625 ,   22039.6875 ,   26157.7500 ,   27280.8750 ,   27280.8750 ,   28381.0000 ,   28381.0000 ,   21914.6250 ,   25225.5625 ,   27122.7500 ,   28381.0000 ,   28381.0000 ,   21914.6250 ,   26157.7500 ,   28381.0000 ,   28381.0000 ,   23472.0000 ,   27122.7500 ,   28381.0000 ,   22607.7500 ,   25225.5625 ,   22745.1875 , 
    magnitudes :   29363.5625 ,   33906.1250 ,   37654.5625 ,   37654.5625 ,   37654.5625 ,   37654.5625 ,   35545.0000 ,   22069.3125 ,   26192.8750 ,   27317.5000 ,   27317.5000 ,   28419.1250 ,   28419.1250 ,   22638.0625 ,   25259.4375 ,   27159.1250 ,   28419.1250 ,   28419.1250 ,   21944.0000 ,   26192.8750 ,   28419.1250 ,   28419.1250 ,   24305.9375 ,   27159.1250 ,   28419.1250 ,   22638.0625 ,   25259.4375 ,   22775.6875 , 
    magnitudes :   32179.3750 ,   35511.5625 ,   35688.6250 ,   35688.6250 ,   35511.5625 ,   33874.1875 ,   29536.1875 ,   22754.2500 ,   27133.6250 ,   28392.3750 ,   28392.3750 ,   29536.1875 ,   28392.3750 ,   22616.7500 ,   25235.6875 ,   27291.8125 ,   28392.3750 ,   28392.3750 ,   21923.3750 ,   26168.1875 ,   28392.3750 ,   28392.3750 ,   23481.4375 ,   27133.6250 ,   27291.8125 ,   21923.3750 ,   25235.6875 ,   22048.5625 , 
    magnitudes :   30830.3125 ,   32311.0000 ,   33874.1875 ,   32311.0000 ,   30946.0000 ,   30946.0000 ,   26168.1875 ,   22754.2500 ,   27133.6250 ,   28392.3750 ,   29536.1875 ,   30946.0000 ,   29536.1875 ,   21923.3750 ,   25235.6875 ,   27291.8125 ,   28392.3750 ,   28392.3750 ,   21923.3750 ,   26168.1875 ,   28392.3750 ,   28392.3750 ,   23481.4375 ,   27133.6250 ,   27291.8125 ,   21923.3750 ,   24396.2500 ,   21923.3750 , 
    magnitudes :   29536.1875 ,   30946.0000 ,   32311.0000 ,   32311.0000 ,   29536.1875 ,   29536.1875 ,   25235.6875 ,   23481.4375 ,   28392.3750 ,   29536.1875 ,   29536.1875 ,   30946.0000 ,   29536.1875 ,   21923.3750 ,   25235.6875 ,   27291.8125 ,   28392.3750 ,   28392.3750 ,   21923.3750 ,   26168.1875 ,   28392.3750 ,   28392.3750 ,   23481.4375 ,   27133.6250 ,   27291.8125 ,   21923.3750 ,   25235.6875 ,   22048.5625 , 
    magnitudes :   29524.3125 ,   29524.3125 ,   30933.5625 ,   29626.0000 ,   28381.0000 ,   27280.8750 ,   23472.0000 ,   25225.5625 ,   29524.3125 ,   30933.5625 ,   32298.0625 ,   32298.0625 ,   30933.5625 ,   22607.7500 ,   25225.5625 ,   27280.8750 ,   28381.0000 ,   28381.0000 ,   21914.6250 ,   26157.7500 ,   28381.0000 ,   28381.0000 ,   24273.3125 ,   27122.7500 ,   27280.8750 ,   21914.6250 ,   25225.5625 ,   22039.6875 , 
    magnitudes :   28392.3750 ,   28392.3750 ,   29536.1875 ,   29536.1875 ,   27291.8125 ,   27291.8125 ,   22754.2500 ,   27133.6250 ,   32311.0000 ,   33874.1875 ,   33874.1875 ,   35511.5625 ,   33874.1875 ,   21923.3750 ,   25235.6875 ,   27291.8125 ,   28392.3750 ,   28392.3750 ,   21923.3750 ,   26168.1875 ,   28392.3750 ,   28392.3750 ,   23481.4375 ,   27133.6250 ,   27291.8125 ,   21923.3750 ,   25235.6875 ,   22048.5625 , 
    magnitudes :   29536.1875 ,   28392.3750 ,   28392.3750 ,   28392.3750 ,   26310.0625 ,   26168.1875 ,   22048.5625 ,   32179.3750 ,   35511.5625 ,   37411.9375 ,   35511.5625 ,   37619.1250 ,   33874.1875 ,   22616.7500 ,   26168.1875 ,   28392.3750 ,   29536.1875 ,   28392.3750 ,   21923.3750 ,   26168.1875 ,   28392.3750 ,   28392.3750 ,   23481.4375 ,   27133.6250 ,   27291.8125 ,   22616.7500 ,   25235.6875 ,   22754.2500 , 
    magnitudes :   26192.8750 ,   28419.1250 ,   28419.1250 ,   28419.1250 ,   26334.8125 ,   25259.4375 ,   22069.3125 ,   27159.1250 ,   30859.3125 ,   30975.1250 ,   30975.1250 ,   30975.1250 ,   28419.1250 ,   22638.0625 ,   26192.8750 ,   28419.1250 ,   29564.0000 ,   29564.0000 ,   21944.0000 ,   26192.8750 ,   28419.1250 ,   29564.0000 ,   23503.5625 ,   27159.1250 ,   27317.5000 ,   21944.0000 ,   25259.4375 ,   22069.3125 , 
    magnitudes :   22048.5625 ,   27291.8125 ,   28392.3750 ,   28392.3750 ,   26168.1875 ,   25235.6875 ,   22048.5625 ,   26168.1875 ,   29536.1875 ,   29536.1875 ,   29536.1875 ,   29536.1875 ,   26310.0625 ,   23330.3750 ,   27133.6250 ,   28392.3750 ,   30830.3125 ,   29637.8750 ,   22616.7500 ,   26168.1875 ,   29536.1875 ,   29637.8750 ,   23481.4375 ,   27133.6250 ,   27291.8125 ,   21923.3750 ,   24396.2500 ,   21923.3750 , 
    magnitudes :   21281.5625 ,   29524.3125 ,   28381.0000 ,   27280.8750 ,   26299.5000 ,   25225.5625 ,   22039.6875 ,   27122.7500 ,   28381.0000 ,   28381.0000 ,   28381.0000 ,   28381.0000 ,   26157.7500 ,   26018.1875 ,   29524.3125 ,   30933.5625 ,   32298.0625 ,   32298.0625 ,   22607.7500 ,   27122.7500 ,   29524.3125 ,   32298.0625 ,   24273.3125 ,   27122.7500 ,   27280.8750 ,   21914.6250 ,   24386.5000 ,   22039.6875 , 
    magnitudes :   20693.3750 ,   29564.0000 ,   28419.1250 ,   27317.5000 ,   26192.8750 ,   25259.4375 ,   22069.3125 ,   28240.9375 ,   28419.1250 ,   28419.1250 ,   27317.5000 ,   28419.1250 ,   26334.8125 ,   28066.0625 ,   30859.3125 ,   33906.1250 ,   35545.0000 ,   33906.1250 ,   21944.0000 ,   27159.1250 ,   29564.0000 ,   35545.0000 ,   23503.5625 ,   27159.1250 ,   27317.5000 ,   21944.0000 ,   24419.2500 ,   22069.3125 , 
    magnitudes :   20108.3125 ,   30830.3125 ,   30946.0000 ,   28392.3750 ,   26168.1875 ,   25235.6875 ,   21404.6250 ,   26168.1875 ,   30830.3125 ,   28392.3750 ,   27291.8125 ,   27291.8125 ,   24396.2500 ,   33722.6250 ,   33874.1875 ,   33874.1875 ,   33874.1875 ,   32311.0000 ,   24283.0625 ,   29536.1875 ,   32179.3750 ,   32311.0000 ,   24283.0625 ,   27133.6250 ,   28392.3750 ,   22616.7500 ,   25235.6875 ,   22754.2500 , 
    magnitudes :   21281.5625 ,   29524.3125 ,   32298.0625 ,   28381.0000 ,   26157.7500 ,   25225.5625 ,   22039.6875 ,   25100.4375 ,   32166.5000 ,   28381.0000 ,   27280.8750 ,   27280.8750 ,   24386.5000 ,   33709.1250 ,   32166.5000 ,   32166.5000 ,   32298.0625 ,   30817.9375 ,   26018.1875 ,   32166.5000 ,   33860.6250 ,   29524.3125 ,   25100.4375 ,   28203.0625 ,   28381.0000 ,   22607.7500 ,   25225.5625 ,   22745.1875 , 
    magnitudes :   20693.3750 ,   26192.8750 ,   35545.0000 ,   28419.1250 ,   26192.8750 ,   25259.4375 ,   22069.3125 ,   22775.6875 ,   35545.0000 ,   28419.1250 ,   27317.5000 ,   27317.5000 ,   25259.4375 ,   37243.0625 ,   30859.3125 ,   29564.0000 ,   30859.3125 ,   29564.0000 ,   30631.6250 ,   35545.0000 ,   39448.6875 ,   29564.0000 ,   24305.9375 ,   28240.9375 ,   28419.1250 ,   22638.0625 ,   25259.4375 ,   21944.0000 , 
    magnitudes :   20673.8750 ,   26168.1875 ,   37411.9375 ,   28392.3750 ,   26310.0625 ,   25235.6875 ,   22048.5625 ,   22616.7500 ,   35511.5625 ,   28392.3750 ,   276.1875 ,   29536.1875 ,   29536.1875 ,   28392.3750 ,   30602.8125 ,   35511.5625 ,   39411.5625 ,   28392.3750 ,   24283.0625 ,   28392.3750 ,   28392.3750 ,   21923.3750 ,   24396.2500 ,   22048.5625 , 
    magnitudes :   20665.6250 ,   25225.5625 ,   37396.9375 ,   29524.3125 ,   26157.7500 ,   25225.5625 ,   22039.6875 ,   21914.6250 ,   37396.9375 ,   29524.3125 ,   27280.8750 ,   27280.8750 ,   24386.5000 ,   33412.1250 ,   29524.3125 ,   29524.3125 ,   29524.3125 ,   28381.0000 ,   31908.1250 ,   37396.9375 ,   39395.8125 ,   28381.0000 ,   25100.4375 ,   28381.0000 ,   29524.3125 ,   22607.7500 ,   25225.5625 ,   22039.6875 , 
    magnitudes :   20693.3750 ,   25259.4375 ,   37447.1250 ,   30975.1250 ,   26334.8125 ,   25259.4375 ,   22069.3125 ,   21944.0000 ,   35370.3125 ,   30859.3125 ,   27317.5000 ,   27317.5000 ,   24419.2500 ,   30631.6250 ,   30859.3125 ,   28419.1250 ,   29564.0000 ,   27317.5000 ,   35545.0000 ,   37447.1250 ,   39691.3750 ,   27317.5000 ,   26053.1250 ,   30859.3125 ,   30859.3125 ,   22638.0625 ,   25259.4375 ,   22069.3125 , 
    magnitudes :   20665.6250 ,   25225.5625 ,   33860.6250 ,   30933.5625 ,   26157.7500 ,   25225.5625 ,   22039.6875 ,   21914.6250 ,   32166.5000 ,   32298.0625 ,   27280.8750 ,   27280.8750 ,   24386.5000 ,   26967.3125 ,   32298.0625 ,   28381.0000 ,   28381.0000 ,   27280.8750 ,   33709.1250 ,   33860.6250 ,   35497.3750 ,   27280.8750 ,   28203.0625 ,   32166.5000 ,   33860.6250 ,   22607.7500 ,   25225.5625 ,   22039.6875 , 
    magnitudes :   20127.2500 ,   24419.2500 ,   30859.3125 ,   33906.1250 ,   26334.8125 ,   25259.4375 ,   22069.3125 ,   21310.1250 ,   28419.1250 ,   35545.0000 ,   27317.5000 ,   27317.5000 ,   25259.4375 ,   23352.3750 ,   35545.0000 ,   28419.1250 ,   28419.1250 ,   27317.5000 ,   35370.3125 ,   30859.3125 ,   32341.4375 ,   27317.5000 ,   33456.9375 ,   37447.1250 ,   37447.1250 ,   22638.0625 ,   25259.4375 ,   22069.3125 , 
    magnitudes :   20108.3125 ,   24396.2500 ,   29536.1875 ,   39411.5625 ,   26310.0625 ,   25235.6875 ,   22048.5625 ,   21923.3750 ,   27291.8125 ,   39411.5625 ,   27291.8125 ,   27291.8125 ,   25235.6875 ,   23330.3750 ,   37411.9375 ,   28392.3750 ,   28392.3750 ,   27291.8125 ,   35337.0625 ,   30830.3125 ,   30946.0000 ,   27291.8125 ,   35337.0625 ,   37411.9375 ,   37411.9375 ,   22616.7500 ,   25235.6875 ,   21923.3750 , 
    magnitudes :   20127.2500 ,   24419.2500 ,   28419.1250 ,   37447.1250 ,   26334.8125 ,   25259.4375 ,   22069.3125 ,   21944.0000 ,   27159.1250 ,   37447.1250 ,   27317.5000 ,   27317.5000 ,   24419.2500 ,   23352.3750 ,   35545.0000 ,   28419.1250 ,   28419.1250 ,   27317.5000 ,   31951.0000 ,   29564.0000 ,   30859.3125 ,   27317.5000 ,   37243.0625 ,   39448.6875 ,   39448.6875 ,   22638.0625 ,   25259.4375 ,   21944.0000 , 
    magnitudes :   20673.8750 ,   24396.2500 ,   27291.8125 ,   37411.9375 ,   27291.8125 ,   25235.6875 ,   22048.5625 ,   21290.0625 ,   26168.1875 ,   35511.5625 ,   28392.3750 ,   27291.8125 ,   24396.2500 ,   22616.7500 ,   32179.3750 ,   28392.3750 ,   28392.3750 ,   27291.8125 ,   26978.1250 ,   29536.1875 ,   30830.3125 ,   27291.8125 ,   33722.6250 ,   33874.1875 ,   33874.1875 ,   22616.7500 ,   25235.6875 ,   21923.3750 , 
    magnitudes :   20665.6250 ,   24386.5000 ,   27280.8750 ,   30817.9375 ,   28381.0000 ,   25225.5625 ,   22039.6875 ,   21914.6250 ,   25225.5625 ,   29524.3125 ,   29524.3125 ,   27280.8750 ,   24386.5000 ,   21914.6250 ,   27122.7500 ,   30817.9375 ,   28381.0000 ,   27280.8750 ,   23321.0625 ,   30817.9375 ,   29524.3125 ,   27280.8750 ,   32166.5000 ,   32298.0625 ,   30817.9375 ,   25100.4375 ,   28381.0000 ,   22745.1875 , 
    magnitudes :   20693.3750 ,   24419.2500 ,   27317.5000 ,   29564.0000 ,   28419.1250 ,   25259.4375 ,   22069.3125 ,   21944.0000 ,   26192.8750 ,   29564.0000 ,   29564.0000 ,   27317.5000 ,   24419.2500 ,   22638.0625 ,   28240.9375 ,   29564.0000 ,   28419.1250 ,   27317.5000 ,   24305.9375 ,   30859.3125 ,   29564.0000 ,   27317.5000 ,   32209.6875 ,   32209.6875 ,   30859.3125 ,   24305.9375 ,   27159.1250 ,   22775.6875 , 
    magnitudes :   20135.2500 ,   24429.0000 ,   26203.3125 ,   29575.8125 ,   29575.8125 ,   26203.3125 ,   22078.1250 ,   21318.6250 ,   25269.5625 ,   28430.5000 ,   29575.8125 ,   27328.4375 ,   25269.5625 ,   21952.8125 ,   27170.0000 ,   30871.6875 ,   28430.5000 ,   27328.4375 ,   22647.1250 ,   30871.6875 ,   29575.8125 ,   27328.4375 ,   30871.6875 ,   32222.5625 ,   30871.6875 ,   23361.6875 ,   26203.3125 ,   21952.8125 , 
    magnitudes :   20108.3125 ,   24396.2500 ,   27291.8125 ,   29536.1875 ,   28392.3750 ,   25235.6875 ,   22048.5625 ,   21290.0625 ,   26168.1875 ,   28392.3750 ,   30830.3125 ,   27291.8125 ,   24396.2500 ,   22616.7500 ,   26168.1875 ,   32311.0000 ,   28392.3750 ,   27291.8125 ,   21923.3750 ,   32179.3750 ,   29536.1875 ,   27291.8125 ,   32179.3750 ,   30830.3125 ,   29536.1875 ,   26028.6250 ,   29536.1875 ,   22754.2500 , 
    magnitudes :   20693.3750 ,   24419.2500 ,   27317.5000 ,   28419.1250 ,   32209.6875 ,   26192.8750 ,   22069.3125 ,   21310.1250 ,   25259.4375 ,   27317.5000 ,   33906.1250 ,   27317.5000 ,   25259.4375 ,   22638.0625 ,   26192.8750 ,   35545.0000 ,   29564.0000 ,   27317.5000 ,   22638.0625 ,   35545.0000 ,   30859.3125 ,   27317.5000 ,   35370.3125 ,   30859.3125 ,   29564.0000 ,   29363.5625 ,   32209.6875 ,   21944.0000 , 
    magnitudes :   20673.8750 ,   24396.2500 ,   26310.0625 ,   28392.3750 ,   37411.9375 ,   26168.1875 ,   22048.5625 ,   21290.0625 ,   25235.6875 ,   27133.6250 ,   39411.5625 ,   28392.3750 ,   25235.6875 ,   21923.3750 ,   25235.6875 ,   39411.5625 ,   29536.1875 ,   27291.8125 ,   21923.3750 ,   37411.9375 ,   30830.3125 ,   27291.8125 ,   35337.0625 ,   30830.3125 ,   29536.1875 ,   33722.6250 ,   35511.5625 ,   22754.2500 , 
    magnitudes :   20701.6250 ,   24429.0000 ,   27328.4375 ,   28430.5000 ,   35559.1875 ,   27170.0000 ,   21952.8125 ,   21952.8125 ,   26203.3125 ,   27328.4375 ,   33919.6250 ,   29575.8125 ,   24429.0000 ,   22647.1250 ,   26203.3125 ,   32354.3750 ,   32354.3750 ,   27328.4375 ,   21952.8125 ,   30871.6875 ,   33919.6250 ,   27328.4375 ,   28252.1875 ,   32354.3750 ,   28430.5000 ,   33767.8750 ,   33919.6250 ,   24315.6250 , 
    magnitudes :   21290.0625 ,   24396.2500 ,   27291.8125 ,   27291.8125 ,   32311.0000 ,   29536.1875 ,   22048.5625 ,   21923.3750 ,   25235.6875 ,   27133.6250 ,   30830.3125 ,   32311.0000 ,   25235.6875 ,   22616.7500 ,   26168.1875 ,   30830.3125 ,   33874.1875 ,   27291.8125 ,   22754.2500 ,   29536.1875 ,   35511.5625 ,   27291.8125 ,   26028.6250 ,   35511.5625 ,   29536.1875 ,   32179.3750 ,   29536.1875 ,   28214.3750 , 
    magnitudes :   20701.6250 ,   24429.0000 ,   26345.3125 ,   27328.4375 ,   28430.5000 ,   35559.1875 ,   22784.8125 ,   21318.6250 ,   25269.5625 ,   26203.3125 ,   28430.5000 ,   39464.4375 ,   26203.3125 ,   21952.8125 ,   24429.0000 ,   27328.4375 ,   39707.2500 ,   28430.5000 ,   21952.8125 ,   26203.3125 ,   39464.4375 ,   28430.5000 ,   24315.6250 ,   37462.1250 ,   29575.8125 ,   31963.7500 ,   29575.8125 ,   33767.8750 , 
    magnitudes :   20108.3125 ,   24396.2500 ,   27291.8125 ,   27291.8125 ,   28392.3750 ,   37411.9375 ,   22754.2500 ,   21290.0625 ,   25235.6875 ,   26168.1875 ,   28392.3750 ,   37411.9375 ,   26168.1875 ,   21923.3750 ,   25235.6875 ,   27291.8125 ,   37411.9375 ,   28392.3750 ,   21923.3750 ,   27133.6250 ,   37411.9375 ,   29536.1875 ,   24283.0625 ,   33874.1875 ,   30830.3125 ,   28214.3750 ,   29536.1875 ,   33874.1875 , 
    magnitudes :   20693.3750 ,   25259.4375 ,   27317.5000 ,   27317.5000 ,   27317.5000 ,   32341.4375 ,   24419.2500 ,   21944.0000 ,   25259.4375 ,   26192.8750 ,   27317.5000 ,   32341.4375 ,   28419.1250 ,   21944.0000 ,   25259.4375 ,   27317.5000 ,   32341.4375 ,   30975.1250 ,   21944.0000 ,   26192.8750 ,   32341.4375 ,   30975.1250 ,   24305.9375 ,   30859.3125 ,   33906.1250 ,   25134.1250 ,   32341.4375 ,   32341.4375 , 
    magnitudes :   20100.2500 ,   24386.5000 ,   27280.8750 ,   27280.8750 ,   27280.8750 ,   30933.5625 ,   28203.0625 ,   21281.5625 ,   25225.5625 ,   26299.5000 ,   27280.8750 ,   29626.0000 ,   35497.3750 ,   22607.7500 ,   25225.5625 ,   27280.8750 ,   29524.3125 ,   37604.0625 ,   21914.6250 ,   26157.7500 ,   29524.3125 ,   37604.0625 ,   23472.0000 ,   28381.0000 ,   37604.0625 ,   22607.7500 ,   33860.6250 ,   30817.9375 , 
    magnitudes :   21290.0625 ,   25235.6875 ,   28392.3750 ,   28392.3750 ,   28392.3750 ,   28392.3750 ,   30946.0000 ,   22048.5625 ,   25235.6875 ,   27291.8125 ,   27291.8125 ,   28392.3750 ,   30946.0000 ,   22616.7500 ,   25235.6875 ,   27133.6250 ,   28392.3750 ,   30946.0000 ,   21923.3750 ,   26168.1875 ,   28392.3750 ,   30946.0000 ,   24283.0625 ,   27133.6250 ,   30946.0000 ,   21923.3750 ,   27291.8125 ,   23481.4375 , 
    magnitudes :   22754.2500 ,   27291.8125 ,   29536.1875 ,   29637.8750 ,   29536.1875 ,   29637.8750 ,   29536.1875 ,   22048.5625 ,   26168.1875 ,   26310.0625 ,   27291.8125 ,   28392.3750 ,   29637.8750 ,   22616.7500 ,   25235.6875 ,   26310.0625 ,   28392.3750 ,   29536.1875 ,   21923.3750 ,   26168.1875 ,   28392.3750 ,   29536.1875 ,   24283.0625 ,   27291.8125 ,   29536.1875 ,   22754.2500 ,   26168.1875 ,   23481.4375 , 
    magnitudes :   26192.8750 ,   32341.4375 ,   33906.1250 ,   35545.0000 ,   35545.0000 ,   35722.2500 ,   33906.1250 ,   22069.3125 ,   26192.8750 ,   27317.5000 ,   27317.5000 ,   28419.1250 ,   28419.1250 ,   22638.0625 ,   25259.4375 ,   27317.5000 ,   28419.1250 ,   28419.1250 ,   21944.0000 ,   26192.8750 ,   28419.1250 ,   28419.1250 ,   23503.5625 ,   27159.1250 ,   28419.1250 ,   21944.0000 ,   25259.4375 ,   22775.6875 , 
    magnitudes :   33722.6250 ,   37411.9375 ,   39654.0625 ,   42059.5000 ,   39654.0625 ,   39654.0625 ,   37411.9375 ,   21290.0625 ,   26168.1875 ,   27291.8125 ,   27291.8125 ,   28392.3750 ,   27291.8125 ,   22616.7500 ,   25235.6875 ,   27291.8125 ,   28392.3750 ,   28392.3750 ,   21923.3750 ,   26168.1875 ,   28392.3750 ,   28392.3750 ,   23481.4375 ,   27133.6250 ,   28392.3750 ,   21923.3750 ,   25235.6875 ,   22754.2500 , 
    magnitudes :   32166.5000 ,   35497.3750 ,   37604.0625 ,   37604.0625 ,   35497.3750 ,   35497.3750 ,   32298.0625 ,   22039.6875 ,   26157.7500 ,   27280.8750 ,   27280.8750 ,   28381.0000 ,   28381.0000 ,   22607.7500 ,   25225.5625 ,   27122.7500 ,   28381.0000 ,   28381.0000 ,   21914.6250 ,   26157.7500 ,   28381.0000 ,   28381.0000 ,   23472.0000 ,   27122.7500 ,   28381.0000 ,   21914.6250 ,   25225.5625 ,   22745.1875 , 
    magnitudes :   30859.3125 ,   35545.0000 ,   37654.5625 ,   37654.5625 ,   35545.0000 ,   35545.0000 ,   32209.6875 ,   22069.3125 ,   26192.8750 ,   27317.5000 ,   28419.1250 ,   28419.1250 ,   28419.1250 ,   22638.0625 ,   25259.4375 ,   27159.1250 ,   28419.1250 ,   28419.1250 ,   21944.0000 ,   26192.8750 ,   28419.1250 ,   28419.1250 ,   23352.3750 ,   27159.1250 ,   28419.1250 ,   21944.0000 ,   25259.4375 ,   21944.0000 , 
    magnitudes :   30817.9375 ,   33860.6250 ,   35497.3750 ,   37604.0625 ,   35497.3750 ,   35497.3750 ,   32166.5000 ,   21914.6250 ,   26157.7500 ,   27122.7500 ,   27280.8750 ,   29524.3125 ,   28381.0000 ,   21914.6250 ,   25100.4375 ,   27122.7500 ,   28381.0000 ,   28381.0000 ,   21914.6250 ,   26157.7500 ,   28381.0000 ,   28381.0000 ,   23321.0625 ,   27122.7500 ,   28381.0000 ,   21914.6250 ,   25225.5625 ,   21914.6250 , 
    magnitudes :   29536.1875 ,   33874.1875 ,   35511.5625 ,   37411.9375 ,   35511.5625 ,   35511.5625 ,   32179.3750 ,   21923.3750 ,   26168.1875 ,   27291.8125 ,   27291.8125 ,   28392.3750 ,   28392.3750 ,   21923.3750 ,   25235.6875 ,   26168.1875 ,   28392.3750 ,   28392.3750 ,   21923.3750 ,   26168.1875 ,   28214.3750 ,   28392.3750 ,   23330.3750 ,   27133.6250 ,   28392.3750 ,   21923.3750 ,   25235.6875 ,   22754.2500 , 
    magnitudes :   30859.3125 ,   33906.1250 ,   35545.0000 ,   37447.1250 ,   35545.0000 ,   35545.0000 ,   32209.6875 ,   21944.0000 ,   26192.8750 ,   27159.1250 ,   27317.5000 ,   28419.1250 ,   28419.1250 ,   22638.0625 ,   25259.4375 ,   27159.1250 ,   28419.1250 ,   28419.1250 ,   21944.0000 ,   26192.8750 ,   28419.1250 ,   28419.1250 ,   23352.3750 ,   27159.1250 ,   28419.1250 ,   21944.0000 ,   25259.4375 ,   22638.0625 , 
    magnitudes :   30871.6875 ,   33919.6250 ,   35559.1875 ,   37462.1250 ,   35559.1875 ,   35559.1875 ,   32222.5625 ,   21952.8125 ,   26203.3125 ,   27170.0000 ,   27328.4375 ,   28430.5000 ,   28430.5000 ,   21829.5625 ,   25269.5625 ,   26203.3125 ,   28430.5000 ,   28430.5000 ,   21952.8125 ,   26203.3125 ,   28430.5000 ,   28430.5000 ,   23361.6875 ,   27170.0000 ,   28430.5000 ,   21952.8125 ,   25269.5625 ,   22647.1250 , 
    magnitudes :   30830.3125 ,   35511.5625 ,   37411.9375 ,   37619.1250 ,   35511.5625 ,   35511.5625 ,   32179.3750 ,   21923.3750 ,   26168.1875 ,   27133.6250 ,   27291.8125 ,   28392.3750 ,   28392.3750 ,   21923.3750 ,   25235.6875 ,   26168.1875 ,   28392.3750 ,   28392.3750 ,   21923.3750 ,   26168.1875 ,   28392.3750 ,   28392.3750 ,   23330.3750 ,   27133.6250 ,   28392.3750 ,   21923.3750 ,   25235.6875 ,   21923.3750 , 
